import numpy as np
import json

# Empty dictionary
data = {}

# EM8000 to EM1500
data['EM8000_TO_EM1500'] = {}
data['EM8000_TO_EM1500']['R'] = [
         0.999976976518048,-0.006675220379950, 0.001219781416261,
         0.006674860565444, 0.999977678223570, 0.000298816046351,
        -0.001221748851535,-0.000290667295691, 0.999999211420823
    ]

data['EM8000_TO_EM1500']['t'] = [
        -3.768845951221771,
         3.347601117953204,
         0.973619107013598
    ]

# WORLD to EM1500
data['WORLD_TO_EM1500'] = {}
data['WORLD_TO_EM1500']['R'] = [
        0.003353967128172, 0.999993956280895, 0.000915590621924,
        0.999992970658198,-0.003355495711564, 0.001673105711803,
        0.001676167860428, 0.000909972644365,-0.999998181203891
    ]

data['WORLD_TO_EM1500']['t'] = [
         0.391038069269004,
        -1.780959676838664,
         1.689612471594921
    ]

# EM1500 to MRU2
data['EM1500_TO_MRU2'] = {}

# EM1500 to PROBE
data['EM1500_TO_PROBE'] = {}

# EM1500 to ARUCO
data['EM1500_TO_ARUCO'] = {}

# WORLD to EM8000
data['WORLD_TO_EM8000'] = {}
data['WORLD_TO_EM8000']['R'] = [
        -0.003320173308196, 0.999994295495463, 0.000620826655442,
         0.999994386834698, 0.003319892785463, 0.000452339461846,
         0.000450275803539, 0.000622325016046,-0.999999704981594
    ]

data['WORLD_TO_EM8000']['t'] = [
        -2.969661622702265,
         1.976311036084776,
         2.662845015592614
    ]

# EM8000 to COMAU
data['EM8000_TO_COMAU'] = {}
data['EM8000_TO_COMAU']['R'] = [
        -0.497167242430097, 0.867640513578017,-0.004967117124449,
         0.867647465053204, 0.497178361207596, 0.001246408311757,
         0.003550977499601,-0.003690033198352,-0.999986887020921
    ]

data['EM8000_TO_COMAU']['t'] = [
        -1.082024099747949,
         1.536041691521612,
        -1.024461448780775
    ]

# EM8000 to MRU1
data['EM8000_TO_MRU1'] = {}

# EM8000 to AT960
data['EM8000_TO_AT960'] = {}

# EM8000 to CAMERA
data['EM8000_TO_CAMERA'] = {}


# Save calibration data to json file
with open('ml-calibration.json', 'w') as fout:
    json.dump(data, fout, indent=4)
